# 20 epoch, no dropout, 500 samples, alpha=0.
2.683666324615478493e-01
2.502623802820841403e-01
2.500373062292735038e-01
2.500100404421488620e-01
2.500040652751922554e-01
2.500019838015238305e-01
2.500010307232538587e-01
2.500007462898889976e-01
2.500003023147582826e-01
2.500002799034118928e-01
2.500002027750015121e-01
2.500001046260197923e-01
2.500001000960667685e-01
2.500000667572021551e-01
2.500000636180241820e-01
2.500000436703364026e-01
2.500000339349111034e-01
2.500000302791595685e-01
2.500000276168187208e-01
2.500000257094701084e-01
