# 20 epoch, no dropout, 500 samples, alpha=0.1
1.928208962122599290e+00
1.864540075302123956e+00
1.859264747937520390e+00
1.860087666511535565e+00
1.858945450146993084e+00
1.860757305145263718e+00
1.854383711496988996e+00
1.859385433514912922e+00
1.861791780471801827e+00
1.860083798726399840e+00
1.857584043820698971e+00
1.858881597836812283e+00
1.861641355514526364e+00
1.862387086232503153e+00
1.860141150156656931e+00
1.857658144632975183e+00
1.857163090070088618e+00
1.861805916468302513e+00
1.862037340164184540e+00
1.855869498252868732e+00
