# 20 epoch, no dropout, 500 samples
7.866252380371093977e+00
6.978526415506999037e+00
6.006555482228597143e+00
5.820948881785074747e+00
5.816111839294433317e+00
5.801033210754394709e+00
5.805353761037190807e+00
5.803338741938272705e+00
5.794136093139648835e+00
5.784611344019571888e+00
5.774828810373942467e+00
5.768488025029500754e+00
5.751449777603149016e+00
5.741409114837646044e+00
5.746009972890218087e+00
5.725272069931030217e+00
5.739314377466837591e+00
5.713191954294840613e+00
5.719287329991658453e+00
5.723369445164998126e+00
