# train_acc test_acc
1.910000000000000031e-01 2.000000000000000111e-01
6.510000000000000231e-01 6.600000000000000311e-01
7.960000000000000409e-01 8.080000000000000515e-01
8.579999999999999849e-01 9.000000000000000222e-01
8.479999999999999760e-01 8.760000000000000009e-01
8.860000000000000098e-01 8.800000000000000044e-01
9.050000000000000266e-01 9.240000000000000435e-01
9.140000000000000346e-01 9.160000000000000364e-01
8.750000000000000000e-01 8.760000000000000009e-01
9.280000000000000471e-01 9.479999999999999538e-01
8.990000000000000213e-01 8.920000000000000151e-01
9.010000000000000231e-01 8.960000000000000187e-01
9.379999999999999449e-01 9.439999999999999503e-01
9.270000000000000462e-01 9.200000000000000400e-01
9.130000000000000338e-01 9.160000000000000364e-01
9.190000000000000391e-01 9.040000000000000258e-01
9.130000000000000338e-01 9.120000000000000329e-01
9.080000000000000293e-01 9.040000000000000258e-01
9.399999999999999467e-01 9.360000000000000542e-01
9.280000000000000471e-01 9.280000000000000471e-01
8.990000000000000213e-01 9.040000000000000258e-01
9.379999999999999449e-01 9.280000000000000471e-01
9.479999999999999538e-01 9.399999999999999467e-01
9.340000000000000524e-01 9.240000000000000435e-01
9.180000000000000382e-01 9.200000000000000400e-01
9.220000000000000417e-01 9.160000000000000364e-01
9.170000000000000373e-01 9.040000000000000258e-01
9.190000000000000391e-01 9.080000000000000293e-01
8.890000000000000124e-01 8.639999999999999902e-01
9.429999999999999494e-01 9.479999999999999538e-01
9.190000000000000391e-01 9.080000000000000293e-01
9.340000000000000524e-01 9.240000000000000435e-01
9.479999999999999538e-01 9.360000000000000542e-01
9.489999999999999547e-01 9.479999999999999538e-01
9.280000000000000471e-01 9.160000000000000364e-01
9.499999999999999556e-01 9.439999999999999503e-01
9.529999999999999583e-01 9.519999999999999574e-01
9.559999999999999609e-01 9.519999999999999574e-01
9.250000000000000444e-01 9.120000000000000329e-01
9.379999999999999449e-01 9.360000000000000542e-01
9.459999999999999520e-01 9.479999999999999538e-01
9.260000000000000453e-01 9.160000000000000364e-01
9.350000000000000533e-01 9.240000000000000435e-01
9.260000000000000453e-01 9.240000000000000435e-01
9.340000000000000524e-01 9.320000000000000506e-01
9.559999999999999609e-01 9.479999999999999538e-01
9.320000000000000506e-01 9.280000000000000471e-01
9.529999999999999583e-01 9.399999999999999467e-01
9.549999999999999600e-01 9.399999999999999467e-01
9.300000000000000488e-01 9.080000000000000293e-01
9.180000000000000382e-01 9.160000000000000364e-01
