7.147058823529411908e-02
1.229411764705882343e-01
1.485294117647058820e-01
1.564705882352941113e-01
1.464705882352941302e-01
2.088235294117647134e-01
2.176470588235294157e-01
1.650000000000000078e-01
1.008823529411764647e-01
1.061764705882352888e-01
1.341176470588235359e-01
1.458823529411764630e-01
1.455882352941176572e-01
1.211764705882352883e-01
1.873529411764705832e-01
2.044117647058823484e-01
2.061764705882352944e-01
2.023529411764705965e-01
2.073529411764706010e-01
2.011764705882352899e-01
2.026470588235294024e-01
2.000000000000000111e-01
2.014705882352941235e-01
2.061764705882352944e-01
1.982352941176470651e-01
1.941176470588235337e-01
2.094117647058823528e-01
2.085294117647058798e-01
2.032352941176470695e-01
2.044117647058823484e-01
