7.199999999999999456e-02
2.409999999999999920e-01
4.189999999999999836e-01
4.819999999999999840e-01
5.370000000000000329e-01
5.510000000000000453e-01
5.540000000000000480e-01
5.550000000000000488e-01
5.500000000000000444e-01
5.560000000000000497e-01
5.530000000000000471e-01
4.959999999999999964e-01
5.490000000000000435e-01
5.639999999999999458e-01
5.610000000000000542e-01
5.629999999999999449e-01
5.620000000000000551e-01
5.620000000000000551e-01
5.560000000000000497e-01
4.989999999999999991e-01
5.620000000000000551e-01
5.570000000000000506e-01
5.000000000000000000e-01
5.550000000000000488e-01
5.639999999999999458e-01
5.699999999999999512e-01
4.739999999999999769e-01
5.600000000000000533e-01
5.779999999999999583e-01
5.779999999999999583e-01
