7.333333333333333370e-02
2.833333333333333259e-01
3.533333333333333326e-01
3.533333333333333326e-01
3.533333333333333326e-01
4.033333333333333215e-01
3.800000000000000044e-01
4.066666666666666763e-01
4.033333333333333215e-01
4.099999999999999756e-01
4.033333333333333215e-01
4.166666666666666852e-01
4.033333333333333215e-01
3.966666666666666674e-01
3.266666666666666607e-01
3.966666666666666674e-01
4.600000000000000200e-01
4.266666666666666941e-01
3.900000000000000133e-01
4.033333333333333215e-01
4.299999999999999933e-01
4.400000000000000022e-01
4.566666666666666652e-01
4.400000000000000022e-01
4.533333333333333104e-01
5.100000000000000089e-01
4.966666666666666452e-01
5.066666666666667096e-01
5.033333333333332993e-01
5.100000000000000089e-01
