7.176470588235293879e-02
1.417647058823529316e-01
1.358823529411764819e-01
1.735294117647058765e-01
2.500000000000000000e-01
4.299999999999999933e-01
3.658823529411764919e-01
4.817647058823529282e-01
4.517647058823529571e-01
4.964705882352941080e-01
5.352941176470588092e-01
5.764705882352940680e-01
5.747058823529411775e-01
5.735294117647058432e-01
5.688235294117647278e-01
5.829411764705881849e-01
5.923529411764706376e-01
5.947058823529411953e-01
6.058823529411764275e-01
6.052941176470588713e-01
6.076470588235294290e-01
5.894117647058823017e-01
6.070588235294117618e-01
6.211764705882353299e-01
6.070588235294117618e-01
5.917647058823529704e-01
6.129411764705882115e-01
6.188235294117646612e-01
6.105882352941176539e-01
6.111764705882353210e-01
