7.000000000000000666e-02
2.633333333333333082e-01
3.400000000000000244e-01
4.133333333333333304e-01
3.933333333333333126e-01
4.066666666666666763e-01
4.400000000000000022e-01
4.299999999999999933e-01
4.299999999999999933e-01
4.600000000000000200e-01
4.066666666666666763e-01
4.566666666666666652e-01
4.633333333333333193e-01
4.666666666666666741e-01
4.500000000000000111e-01
4.766666666666666829e-01
4.733333333333333282e-01
4.966666666666666452e-01
5.000000000000000000e-01
4.966666666666666452e-01
4.699999999999999734e-01
4.666666666666666741e-01
5.033333333333332993e-01
5.133333333333333082e-01
5.200000000000000178e-01
4.933333333333333459e-01
5.300000000000000266e-01
4.266666666666666941e-01
5.233333333333333171e-01
5.233333333333333171e-01
